Discord Updater
1167 250 300 350
krita
3008 263 960 566
Activity - Discord
632 41 1054 1008
gtk2fontsel
2569 118 700 640
cockatrice
1920 29 1910 1064
gpartedbin
2125 164 1301 696
Steam
204 24 384 240
46137378
2933 234 884 652
Customize Look and Feel
1920 29 950 574
icecat
2382 101 1124 822
Dialog
1920 708 544 333
feh
349 91 1920 1079
Navigator
1920 22 1096 998
Places
1920 22 1300 703
pcmanfm
3041 309 632 519
xarchiver
2854 676 600 400
lxappearance
1920 629 641 447
xterm
863 0 912 1009
25165858
2827 233 884 652
#general - Discord
616 46 1054 1008
69206050
2950 29 884 652
Prompt
2212 432 623 138
kdeconnectd
2854 775 400 300
NVIDIA X Server Settings
2934 245 877 887
10485766
632 41 1054 1008
Really quit?
2962 29 208 81
discord
51 63 300 350
dota2
1920 0 1920 1080
8388609
1071 250 300 350
8388642
2903 248 884 652
